 ID   Name                long    lat    r       ri     rHa   J       err_J  JH     err_JH HK     err_HK  W1      err_W1   W1W2   err_W1W2 iW1    err_iW1  JW1    err_JW1 LP    FF
  1   J002441.72+642137.9 120.04   1.64  14.75   0.83   0.61  12.51   0.02   0.30   0.04   0.26   0.04    11.79   0.02     0.11   0.03     2.13   0.03     0.72   0.03    True  False
  2   J002758.97+622906.1 120.23  -0.26  15.03   0.59   0.46  13.30   0.02   0.34   0.04   0.24   0.05    12.32   0.02     0.26   0.03     2.12   0.03     0.99   0.03    False True 
  3   J002843.24+615216.2 120.26  -0.88  14.38   0.48   0.42  13.16   0.02   0.17   0.04   0.20   0.05    12.58   0.03     0.18   0.04     1.32   0.03     0.58   0.03    False True 
  4   J002926.93+630450.2 120.45   0.32  14.07   0.40   0.36  13.11   0.02   0.12   0.04   0.18   0.04    12.87   0.03     0.01   0.04     0.80   0.03     0.24   0.03    True  True 
  5   J003210.31+623929.2 120.72  -0.13  13.39   0.47   0.51  12.33   0.02   0.22   0.04   0.15   0.04    11.37   0.02     0.32   0.03     1.55   0.03     0.96   0.03    False True 
  6   J003248.02+664759.6 121.09   3.99  14.41   1.02   0.85  12.11   0.02   0.55   0.03   0.36   0.03    10.45   0.02     0.29   0.03     2.93   0.03     1.66   0.03    True  True 
  7   J003559.27+664503.3 121.40   3.92  15.85   0.71   0.60  14.11   0.04   0.40   0.06   0.46   0.06    12.30   0.03     0.50   0.03     2.85   0.03     1.82   0.05    True  True 
  8   J004014.89+651644.0 121.76   2.43  14.82   0.68   0.77  12.95   0.02   0.29   0.04   0.26   0.05    12.09   0.02     0.22   0.03     2.05   0.03     0.86   0.03    True  False
  9   J004121.36+650413.5 121.87   2.22  13.80   0.67   0.50  12.21   0.02   0.38   0.04   0.38   0.04    10.41   0.02     0.38   0.03     2.72   0.03     1.80   0.03    False True 
 10   J004517.05+640124.4 122.26   1.16  15.61   0.95   0.64  13.37   0.02   0.41   0.04   0.38   0.04    11.92   0.02     0.27   0.03     2.75   0.03     1.45   0.03    True  True 
 11   J004620.80+622503.9 122.34  -0.45  13.18   0.63   0.54  11.98   0.02   0.26   0.04   0.28   0.04    10.79   0.02     0.24   0.03     1.77   0.03     1.19   0.03    False True 
 12   J004651.68+625914.7 122.41   0.12  14.88   0.60   0.45  13.32   0.02   0.22   0.04   0.26   0.05    12.79   0.03     0.14   0.04     1.49   0.03     0.53   0.04    True  True 
 13   J004741.54+624203.3 122.50  -0.17  14.15   0.46   0.43  13.01   0.02   0.20   0.04   0.13   0.04    12.50   0.02     0.14   0.04     1.20   0.03     0.51   0.03    False True 
 14   J004842.93+644411.1 122.64   1.87  14.74   0.58   0.42  13.33   0.03   0.36   0.04   0.09   0.04    12.72   0.03     0.13   0.04     1.45   0.03     0.61   0.04    False True 
 15   J004850.12+642533.7 122.65   1.56  15.64   0.86   0.56  13.92   0.03   0.35   0.05   0.15   0.06    12.95   0.03     0.29   0.04     1.84   0.03     0.98   0.04    False True 
 16   J005011.87+635129.9 122.80   0.99  13.75   0.40   0.53  12.75   0.03   0.19   0.04   0.11   0.04    12.28   0.02     0.11   0.04     1.08   0.03     0.47   0.04    False True 
 17   J005011.87+633526.1 122.79   0.72  15.38   0.64   0.60  13.69   0.02   0.28   0.04   0.37   0.05    12.86   0.03     0.24   0.04     1.87   0.03     0.83   0.03    True  True 
 18   J005012.69+645621.6 122.80   2.07  14.14   0.56   0.49  12.65   0.03   0.30   0.05   0.14   0.05    11.90   0.02     0.17   0.04     1.69   0.03     0.76   0.04    True  True 
 19   J005029.22+653331.1 122.83   2.69  14.63   0.70   0.65  12.97   0.03   0.26   0.04   0.30   0.04    11.99   0.02     0.23   0.03     1.94   0.03     0.98   0.03    True  True 
 20   J005032.31+623155.5 122.83  -0.34  15.43   0.59   0.47  13.95   0.05   0.31   0.08   0.21   0.08    12.92   0.03     0.12   0.04     1.92   0.03     1.03   0.06    False True 
 21   J005436.84+630549.8 123.29   0.23  14.91   0.64   0.75  13.30   0.03   0.33   0.05   0.36   0.05    12.11   0.02     0.32   0.03     2.17   0.03     1.19   0.03    True  True 
 22   J005611.62+630350.5 123.47   0.20  14.40   0.55   0.46  12.95   0.02   0.18   0.03   0.18   0.03    12.47   0.02     0.08   0.03     1.38   0.03     0.47   0.03    True  True 
 23   J005619.50+625824.0 123.49   0.11  14.63   0.42   0.37  13.46   0.02   0.23   0.03   0.20   0.04    13.02   0.03     0.16   0.04     1.20   0.03     0.44   0.03    True  True 
 24   J005743.72+640235.6 123.62   1.18  14.18   0.45   0.40  13.07   0.02   0.20   0.04   0.13   0.04    12.74   0.03     0.12   0.04     0.99   0.03     0.34   0.03    False True 
 25   J005809.86+624412.9 123.70  -0.12  14.67   0.50   0.56  13.32   0.02   0.27   0.04   0.15   0.03    12.73   0.03     0.17   0.04     1.43   0.03     0.59   0.03    False True 
 26   J005859.24+632603.0 123.78   0.57  13.18   0.45   0.72  12.06   0.02   0.30   0.04   0.25   0.03    11.22   0.02     0.27   0.03     1.50   0.03     0.84   0.03    False True 
 27   J005926.64+651157.0 123.77   2.34  13.45   0.49   0.54  12.06   0.02   0.21   0.04   0.14   0.04    11.55   0.02     0.12   0.03     1.41   0.03     0.52   0.03    False True 
 28   J010045.61+631740.4 123.98   0.44  15.43   0.77   0.63  13.53   0.02   0.32   0.04   0.29   0.05    12.57   0.03     0.27   0.04     2.09   0.03     0.96   0.03    True  True 
 29   J010051.26+641327.3 123.96   1.37  13.61   0.53   0.42  12.37   0.02   0.19   0.03   0.14   0.04    11.86   0.02     0.13   0.03     1.22   0.03     0.51   0.03    False True 
 30   J010054.58+643729.6 123.95   1.77  13.02   0.61   0.57  11.30   0.03   0.34   0.04   0.19   0.04    10.35   0.02     0.25   0.03     2.05   0.03     0.95   0.04    False True 
 31   J010107.85+633227.0 124.01   0.69  13.84   0.57   0.49  12.47   0.02   0.22   0.03   0.18   0.04    11.89   0.02     0.18   0.03     1.39   0.03     0.58   0.03    False True 
 32   J010138.04+641349.9 124.04   1.38  13.32   0.63   0.71  11.74   0.02   0.34   0.03   0.24   0.03    10.80   0.02     0.28   0.03     1.90   0.03     0.94   0.03    False True 
 33   J010707.68+625117.0 124.72   0.04  14.57   0.74   0.58  12.65   0.02   0.38   0.03   0.24   0.03    11.71   0.02     0.25   0.03     2.12   0.03     0.95   0.03    True  True 
 34   J010841.17+615511.8 124.96  -0.88  13.72   0.38   0.44  12.84   0.02   0.10   0.03   0.14   0.04    12.60   0.02     0.12   0.04     0.75   0.03     0.24   0.03    False True 
 35   J010958.80+625229.3 125.04   0.08  14.00   0.85   0.65  12.44   0.02   0.47   0.04   0.40   0.04    10.95   0.02     0.32   0.03     2.20   0.03     1.49   0.03    True  True 
 36   J011216.30+615051.2 125.39  -0.92  13.56   0.35   0.27  12.65   0.02   0.14   0.03   0.10   0.03    12.35   0.02    -0.02   0.04     0.87   0.03     0.30   0.03    False True 
 37   J011234.21+630432.5 125.32   0.30  12.64   0.67   0.62  10.94   0.02   0.27   0.03   0.24   0.03    10.34   0.02     0.23   0.03     1.63   0.03     0.60   0.03    False True 
 38   J011402.43+625735.3 125.50   0.20  12.91   0.56   0.34  11.41   0.02   0.27   0.03   0.25   0.03       ""     ""       ""     ""       ""     ""       ""     ""    False True 
 39   J011543.99+660116.2 125.40   3.27  14.21   0.94   1.11  11.95   0.02   0.49   0.04   0.40   0.04    10.46   0.02     0.37   0.03     2.81   0.03     1.49   0.03    True  True 
 40   J011604.41+630926.7 125.71   0.42  14.83   0.76   0.54  12.93   0.02   0.31   0.03   0.16   0.03    11.91   0.02     0.28   0.03     2.16   0.03     1.02   0.03    False True 
 41   J011918.18+642233.8 125.94   1.67  13.44   0.55   0.71  12.22   0.02   0.29   0.03   0.23   0.03    11.23   0.02     0.30   0.03     1.66   0.03     0.99   0.03    False True 
 42   J012158.75+642813.1 126.22   1.79  14.35   0.67   0.74  12.74   0.03   0.29   0.05   0.33   0.05    11.66   0.02     0.29   0.03     2.01   0.03     1.07   0.04    True  True 
 43   J012320.11+635830.9 126.42   1.32  14.08   0.89   0.97  11.89   0.02   0.47   0.03   0.40   0.03    10.51   0.02     0.36   0.03     2.68   0.03     1.38   0.03    True  True 
 44   J012325.80+642638.7 126.37   1.79  16.32   0.67   0.57  14.60   0.03   0.27   0.05   0.11   0.08    14.10   0.03     0.03   0.06     1.56   0.04     0.51   0.04    False True 
 45   J012339.47+631544.2 126.55   0.62  15.04   0.80   0.61  12.97   0.02   0.45   0.03   0.29   0.03    11.90   0.02     0.21   0.03     2.33   0.03     1.07   0.03    False True 
 46   J012339.76+635313.0 126.47   1.24  15.07   0.82   0.75  12.96   0.02   0.41   0.03   0.35   0.03    11.99   0.02     0.26   0.03     2.26   0.03     0.96   0.03    True  True 
 47   J012358.07+652615.4 126.31   2.78  13.72   0.47   0.47  12.51   0.02   0.18   0.03   0.14   0.03    12.07   0.02     0.12   0.03     1.17   0.03     0.43   0.03    False True 
 48   J012405.46+660100.0 126.25   3.36  15.09   0.63   0.57  13.45   0.03   0.27   0.04   0.21   0.04    12.67   0.03     0.19   0.04     1.79   0.03     0.78   0.04    True  True 
 49   J012416.76+633011.7 126.59   0.86  13.10   0.66   0.49  11.53   0.02   0.31   0.03   0.16   0.02    10.80   0.02     0.17   0.03     1.64   0.03     0.73   0.03    False True 
 50   J012540.54+623025.6 126.87  -0.10  13.42   0.48   0.52  12.05   0.02   0.22   0.02   0.19   0.02    11.58   0.02     0.24   0.03     1.37   0.03     0.48   0.03    True  True 
 51   J012609.29+651618.0 126.55   2.64  14.79   0.87   0.62  12.79   0.03   0.45   0.04   0.36   0.03    11.46   0.02     0.34   0.03     2.46   0.03     1.33   0.04    True  True 
 52   J012634.69+641850.9 126.73   1.70  12.77   0.64   0.55  11.07   0.02   0.30   0.04   0.23   0.04    10.56   0.02     0.29   0.03     1.56   0.03     0.51   0.03    False True 
 53   J012703.28+634333.3 126.86   1.13  14.05   0.81   0.81  11.60   0.02   0.37   0.04   0.40   0.04    10.86   0.02     0.28   0.03     2.38   0.03     0.74   0.03    True  True 
 54   J012745.08+625154.3 127.06   0.28  13.46   0.45   0.58  12.04   0.02   0.24   0.03   0.21   0.04    11.25   0.02     0.27   0.03     1.76   0.03     0.80   0.03    False True 
 55   J012751.32+655104.2 126.65   3.24  14.51   0.71   0.75  12.77   0.02   0.37   0.04   0.28   0.04    11.67   0.02     0.27   0.03     2.14   0.03     1.10   0.03    True  True 
 56*  J013000.21+631044.6 127.27   0.63  13.76   1.02   1.09  11.33   0.02   0.56   0.03   0.53   0.04    10.32   0.02     0.50   0.03     2.42   0.03     1.01   0.03    False True 
 57   J013213.90+623717.2 127.60   0.12  13.32   0.54   0.43  11.96   0.02   0.22   0.04   0.17   0.03    11.37   0.02     0.19   0.03     1.42   0.03     0.59   0.03    False True 
 58   J013245.71+645233.3 127.30   2.36  15.42   0.76   1.02  13.31   0.03   0.47   0.04   0.40   0.05    11.68   0.02     0.32   0.03     2.99   0.03     1.63   0.04    True  True 
 59   J013422.61+624459.7 127.82   0.29  12.92   0.39   0.61  11.90   0.02   0.14   0.04   0.26   0.03    11.57   0.02     0.25   0.03     0.96   0.03     0.33   0.03    False True 
 60   J013739.40+613258.8 128.41  -0.83  14.31   0.63   0.50  12.73   0.03   0.31   0.04   0.16   0.04    12.26   0.02     0.06   0.03     1.42   0.03     0.47   0.04    False True 
 61   J013819.58+635306.0 128.06   1.48  12.98   0.61   0.91  11.50   0.03   0.31   0.04   0.34   0.03    10.34   0.02     0.29   0.03     2.03   0.03     1.16   0.03    False True 
 62   J013825.56+635008.5 128.08   1.43  13.96   0.53   0.47  12.70   0.03   0.24   0.04   0.11   0.04    12.01   0.02     0.16   0.03     1.42   0.03     0.69   0.04    False True 
 63   J013834.27+634841.3 128.10   1.41  15.28   0.65   0.56  14.16   0.03   0.17   0.05   0.15   0.07    12.80   0.03     0.26   0.04     1.82   0.04     1.36   0.04    False True 
 64   J013920.80+654338.7 127.83   3.31  13.64   0.61   0.47  12.20   0.02   0.24   0.04   0.18   0.04    11.75   0.02     0.11   0.03     1.28   0.03     0.45   0.03    False True 
 65   J014218.76+624733.5 128.71   0.49  14.56   0.60   0.50  12.90   0.03   0.30   0.04   0.23   0.04    12.08   0.02     0.17   0.03     1.88   0.03     0.82   0.03    True  True 
 66   J014238.73+633753.1 128.58   1.32  13.18   0.40   0.37  12.03   0.02   0.22   0.03   0.12   0.03    11.68   0.02     0.08   0.03     1.10   0.03     0.35   0.03    False True 
 67   J014244.86+623056.2 128.81   0.23  13.22   0.38   0.40  12.06   0.02   0.22   0.03   0.14   0.03    11.52   0.02     0.15   0.03     1.33   0.03     0.54   0.03    False True 
 68   J014322.19+640118.5 128.58   1.72  13.29   0.37   0.48  12.30   0.02   0.16   0.04   0.16   0.04    11.77   0.03     0.24   0.05     1.16   0.04     0.53   0.04    False True 
 69   J014401.85+640124.5 128.65   1.74  15.49   0.54   0.53  14.07   0.03   0.33   0.05   0.18   0.05       ""     ""       ""     ""       ""     ""       ""     ""    False True 
 70   J014458.15+633244.0 128.85   1.29  13.99   0.42   0.43  12.89   0.02   0.18   0.04   0.16   0.04    12.34   0.02     0.16   0.03     1.23   0.03     0.56   0.03    True  True 
 71   J014458.27+625245.8 128.99   0.64  13.35   0.59   0.61  11.71   0.02   0.34   0.04   0.28   0.04    10.66   0.02     0.26   0.03     2.09   0.03     1.04   0.03    False True 
 72   J014519.02+633559.1 128.88   1.35  13.13   0.42   0.55  12.27   0.02   0.21   0.04   0.22   0.04    11.27   0.02     0.29   0.03     1.44   0.03     1.00   0.03    False True 
 73   J014539.64+611259.1 129.41  -0.97  12.45   0.76   0.74  10.92   0.02   0.19   0.03   0.24   0.03    10.23   0.02     0.29   0.03     1.45   0.03     0.69   0.03    False True 
 74   J014602.11+611502.2 129.45  -0.93  13.75   0.55   0.71  12.39   0.03   0.26   0.05   0.25   0.04    11.68   0.03     0.33   0.04     1.51   0.04     0.71   0.04    False True 
 75   J014620.49+644802.5 128.74   2.55  14.41   0.48   0.43  13.25   0.03   0.23   0.04   0.17   0.04    12.66   0.03     0.21   0.04     1.27   0.03     0.59   0.04    True  True 
 76   J014624.42+611037.3 129.51  -0.99  13.36   0.45   0.34  12.22   0.02   0.17   0.04   0.14   0.04    11.93   0.03     0.02   0.04     0.99   0.03     0.30   0.03    False True 
 77   J014807.07+631613.2 129.25   1.10  13.54   0.60   0.69  11.92   0.02   0.25   0.03   0.38   0.03    10.77   0.04     0.32   0.05     2.18   0.04     1.15   0.04    False True 
 78   J014843.39+642854.4 129.05   2.29  13.74   0.45   0.49  12.66   0.02   0.24   0.04   0.15   0.04    12.04   0.02     0.14   0.03     1.25   0.03     0.62   0.03    False True 
 79   J014905.20+624912.3 129.46   0.68  13.60   0.81   0.68  11.49   0.02   0.34   0.04   0.48   0.04     9.97   0.02     0.26   0.03     2.82   0.03     1.51   0.03    True  True 
 80   J015001.17+642219.7 129.21   2.22  15.76   0.56   0.45  14.14   0.02   0.29   0.05   0.14   0.06    13.39   0.03     0.12   0.04     1.81   0.03     0.75   0.04    False True 
 81   J015022.92+652743.2 129.01   3.29  13.79   0.51   0.42  12.55   0.02   0.26   0.03   0.28   0.03    12.16   0.02     0.22   0.03     1.12   0.03     0.38   0.03    False True 
 82   J015030.72+634132.5 129.42   1.57  15.70   0.60   0.50  13.84   0.03   0.40   0.04   0.24   0.04    12.89   0.03     0.20   0.04     2.20   0.03     0.94   0.04    False True 
 83   J015037.70+644447.0 129.19   2.60  14.64   0.40   0.39  13.52   0.03   0.21   0.04   0.22   0.04    13.36   0.03    -0.07   0.05     0.88   0.03     0.17   0.04    True  True 
 84   J015105.68+611602.6 130.04  -0.78  13.71   0.50   0.37  12.50   0.03   0.24   0.04   0.18   0.03    12.02   0.02     0.09   0.03     1.19   0.03     0.48   0.03    False True 
 85   J015109.13+641421.8 129.36   2.12  15.71   0.57   0.48  14.27   0.03   0.33   0.05   0.08   0.06    13.80   0.03     0.16   0.05     1.33   0.04     0.47   0.04    False True 
 86   J015213.08+624813.6 129.81   0.75  13.04   0.31   0.35  12.11   0.02   0.12   0.03   0.11   0.03    11.70   0.02     0.09   0.03     1.03   0.03     0.40   0.03    False True 
 87   J015221.93+635739.6 129.56   1.88  14.29   0.56   0.61  12.79   0.02   0.27   0.04   0.30   0.04    11.87   0.02     0.29   0.03     1.86   0.03     0.92   0.03    False True 
 88   J015246.27+630315.0 129.82   1.00  14.35   0.51   0.40  12.90   0.02   0.25   0.04   0.18   0.04    12.32   0.03     0.07   0.04     1.52   0.03     0.59   0.03    True  False
 89   J015307.22+650110.4 129.39   2.92  13.97   0.41   0.37  12.97   0.03   0.20   0.04   0.11   0.04    12.47   0.03     0.09   0.04     1.08   0.03     0.49   0.04    False True 
 90   J015314.56+620241.5 130.11   0.04  12.89   0.39   0.31  11.88   0.02   0.17   0.04   0.07   0.03    11.48   0.02     0.06   0.03     1.01   0.03     0.40   0.03    False True 
 91   J015329.19+643128.1 129.54   2.45  13.98   0.33   0.26  13.12   0.02   0.11   0.03   0.11   0.04    12.78   0.03    -0.01   0.04     0.88   0.03     0.35   0.03    False True 
 92   J015427.15+612204.7 130.41  -0.59  14.38   1.08   0.84  11.55   0.02   0.57   0.03   0.51   0.02     9.87   0.02     0.38   0.03     3.43   0.03     1.68   0.03    True  True 
 93   J015510.44+632108.5 130.01   1.36  15.85   0.50   0.41  14.46   0.03   0.15   0.05   0.20   0.07    13.92   0.04    -0.03   0.06     1.42   0.04     0.54   0.04    False True 
 94   J015520.62+611752.8 130.53  -0.63  13.46   0.50   0.43  12.24   0.02   0.17   0.03   0.14   0.02    11.62   0.02     0.16   0.03     1.34   0.03     0.62   0.03    False True 
 95   J015526.12+625056.4 130.16   0.88  14.34   0.55   0.61  13.11   0.02   0.25   0.03   0.28   0.03    12.12   0.03     0.31   0.03     1.67   0.03     0.99   0.03    False True 
 96   J015601.25+633944.1 130.02   1.68  14.58   0.56   0.46  13.14   0.02   0.18   0.03   0.22   0.03    12.63   0.03     0.02   0.04     1.39   0.03     0.52   0.03    False True 
 97   J015613.26+635623.7 129.97   1.96  14.08   0.46   0.64  12.82   0.03   0.31   0.04   0.33   0.04       ""     ""       ""     ""       ""     ""       ""     ""    True  True 
 98   J015627.82+612939.2 130.61  -0.40  12.70   0.44   0.50  11.49   0.02   0.23   0.03   0.17   0.03    11.26   0.02     0.06   0.03     1.00   0.03     0.23   0.03    False True 
 99   J015630.87+630307.5 130.23   1.11  13.28   0.27   0.51  12.52   0.02   0.10   0.03   0.08   0.03    12.21   0.03     0.15   0.04     0.79   0.03     0.31   0.03    False True 
100   J015644.71+653640.6 129.61   3.59  15.01   0.54   0.40  13.70   0.02   0.14   0.03   0.11   0.04    13.39   0.03    -0.02   0.04     1.07   0.03     0.31   0.03    False True 
101   J015645.75+635259.8 130.05   1.92  13.11   0.58   0.53  11.67   0.02   0.27   0.02   0.22   0.02    10.88   0.02     0.24   0.03     1.66   0.03     0.79   0.03    False True 
102   J015741.35+605313.7 130.91  -0.95  14.76   0.71   0.51  13.06   0.02   0.31   0.03   0.17   0.03    12.32   0.03     0.12   0.04     1.72   0.03     0.74   0.03    False True 
103   J015804.46+653020.6 129.77   3.52  13.14   0.39   0.36  12.15   0.02   0.12   0.03   0.17   0.03    11.46   0.02     0.22   0.03     1.28   0.03     0.69   0.03    False True 
104   J015809.04+615813.6 130.68   0.11  14.59   0.72   0.60  12.92   0.02   0.29   0.03   0.24   0.03    12.35   0.02     0.12   0.04     1.52   0.03     0.58   0.03    False True 
105   J015918.33+654955.8 129.81   3.87  15.19   0.55   0.54  13.80   0.02   0.24   0.03   0.16   0.04    13.23   0.03     0.19   0.04     1.42   0.03     0.58   0.03    True  True 
106   J015919.69+645053.4 130.07   2.92  12.78   0.34   0.53  11.88   0.02   0.24   0.03   0.16   0.02    10.89   0.02     0.25   0.03     1.56   0.03     0.99   0.03    False True 
107   J015922.56+635829.2 130.30   2.08  15.15   0.56   0.82  13.37   0.02   0.45   0.02   0.36   0.03    12.08   0.02     0.41   0.03     2.51   0.03     1.29   0.03    True  True 
108   J015938.99+643615.4 130.17   2.69  13.26   0.39   0.53  12.10   0.02   0.27   0.03   0.22   0.03    11.43   0.02     0.28   0.03     1.45   0.03     0.67   0.03    False True 
109   J015945.33+630314.9 130.58   1.20  14.63   0.53   0.39  13.04   0.02   0.25   0.04   0.12   0.04    12.33   0.02     0.08   0.04     1.78   0.03     0.71   0.03    False True 
110   J020037.84+652133.9 130.07   3.45  13.08   0.40   0.34  12.11   0.02   0.21   0.03   0.14   0.03    11.79   0.02     0.08   0.03     0.89   0.03     0.32   0.03    False True 
111   J020049.43+635944.0 130.45   2.14  13.91   0.84   0.57  12.39   0.02   0.28   0.03   0.31   0.03    11.37   0.02     0.33   0.03     1.70   0.03     1.03   0.03    False True 
112   J020105.33+613403.0 131.12  -0.19  14.46   0.67   0.68  12.78   0.02   0.37   0.03   0.31   0.03    11.82   0.03     0.30   0.04     1.98   0.04     0.96   0.04    False True 
113   J020121.79+630117.3 130.77   1.22  13.32   0.45   0.35  12.26   0.02   0.14   0.04   0.13   0.04    12.05   0.02    -0.06   0.03     0.82   0.03     0.21   0.03    False True 
114   J020136.00+613207.6 131.19  -0.21  13.14   0.47   0.39  11.93   0.02   0.19   0.04   0.15   0.04    11.46   0.02     0.05   0.03     1.22   0.03     0.47   0.03    False True 
115   J020203.16+630213.4 130.84   1.25  13.41   0.77   0.73  11.62   0.02   0.40   0.04   0.36   0.04    10.43   0.02     0.34   0.03     2.21   0.03     1.19   0.03    False True 
116   J020252.26+620926.0 131.17   0.43  15.21   0.60   0.57  12.91   0.03   0.45   0.05   0.28   0.05    11.77   0.02     0.09   0.03     2.84   0.03     1.14   0.04    False True 
117   J020326.01+635943.1 130.72   2.22  14.40   0.54   0.49  13.00   0.03   0.22   0.04   0.22   0.04    11.98   0.02     0.22   0.03     1.88   0.03     1.02   0.03    False True 
118   J020328.03+624333.8 131.08   1.00  13.73   0.41   0.42  12.55   0.03   0.15   0.04   0.14   0.04    12.05   0.03     0.12   0.04     1.26   0.03     0.50   0.04    False True 
119   J020407.85+643122.2 130.65   2.75  13.94   0.36   0.39  12.98   0.02   0.19   0.03   0.12   0.04    12.47   0.03     0.11   0.04     1.10   0.03     0.50   0.03    False True 
120   J020504.17+630216.1 131.17   1.35  15.07   0.57   0.41  13.68   0.03   0.36   0.05   0.13   0.04    13.21   0.03     0.02   0.04     1.29   0.03     0.47   0.04    False True 
121   J020547.47+641051.7 130.92   2.47  12.68   0.40   0.41  11.80   0.02   0.17   0.03   0.12   0.03    11.52   0.02     0.08   0.03     0.76   0.03     0.28   0.03    False True 
122   J020618.67+644945.1 130.79   3.11  14.88   0.42   0.57  13.85   0.03   0.20   0.05   0.15   0.06    13.29   0.03     0.07   0.05     1.16   0.04     0.55   0.04    False True 
123   J020707.67+612422.7 131.86  -0.15  13.28   0.39   0.37  12.27   0.02   0.09   0.03   0.16   0.03    11.65   0.02     0.19   0.03     1.24   0.03     0.62   0.03    False True 
124   J020717.23+645046.2 130.88   3.15  12.57   0.35   0.54  11.63   0.02   0.18   0.04   0.16   0.04    11.00   0.02     0.24   0.03     1.22   0.03     0.63   0.03    False True 
125   J020731.12+634520.4 131.22   2.12  14.54   0.67   0.45  12.78   0.02   0.36   0.04   0.18   0.04    12.33   0.03     0.02   0.04     1.55   0.03     0.45   0.03    False True 
126   J020734.24+623601.1 131.56   1.01  14.43   0.56   0.46  12.98   0.02   0.27   0.04   0.18   0.04    12.36   0.02     0.12   0.04     1.50   0.03     0.62   0.03    True  True 
127   J020753.51+644148.9 130.99   3.03  15.91   0.33   0.34  14.89   0.04   0.19   0.07   0.08   0.12    14.36   0.03    -0.42   0.13     1.22   0.04     0.53   0.05    False True 
128   J020817.76+614220.1 131.91   0.18  13.43   0.55   0.61  11.82   0.02   0.32   0.03   0.26   0.03    10.81   0.02     0.22   0.03     2.07   0.03     1.01   0.03    False True 
129   J020826.27+625745.9 131.55   1.39  14.37   0.64   0.53  12.64   0.03   0.28   0.04   0.24   0.04    11.81   0.03     0.15   0.03     1.92   0.03     0.83   0.04    False True 
130   J020837.59+652028.2 130.87   3.67  14.74   0.53   0.54  13.34   0.02   0.25   0.04   0.17   0.04    12.59   0.03     0.18   0.04     1.62   0.03     0.75   0.03    False True 
131   J020855.24+631501.1 131.52   1.68  12.72   0.54   0.61  11.60   0.03   0.16   0.04   0.16   0.04    10.88   0.02     0.14   0.03     1.30   0.03     0.72   0.04    False True 
132   J020859.72+635536.1 131.33   2.33  14.94   0.41   0.35  13.68   0.03   0.19   0.05   0.18   0.05    13.15   0.03     0.02   0.05     1.38   0.03     0.54   0.04    False True 
133   J020917.87+613045.2 132.08   0.03  13.89   0.83   0.57  11.91   0.02   0.34   0.04   0.23   0.03    11.11   0.02     0.24   0.03     1.96   0.03     0.80   0.03    False True 
134   J021000.05+640838.5 131.37   2.57  12.81   0.35   0.35  11.84   0.02   0.17   0.03   0.13   0.03    11.28   0.02     0.10   0.03     1.19   0.03     0.56   0.03    False True 
135   J021005.63+631100.3 131.67   1.65  15.98   0.51   0.39  14.64   0.02   0.27   0.05   0.08   0.08    14.23   0.03    -0.08   0.07     1.24   0.04     0.41   0.04    False True 
136   J021011.09+652230.2 131.02   3.75  13.77   0.61   0.53  12.37   0.02   0.27   0.03   0.14   0.03    11.72   0.03     0.20   0.04     1.43   0.03     0.65   0.03    False True 
137   J021036.32+611444.0 132.31  -0.18  13.09   0.50   0.42  11.66   0.02   0.26   0.03   0.17   0.02    11.09   0.02     0.13   0.03     1.51   0.03     0.57   0.03    False True 
138   J021057.06+624700.8 131.88   1.30  14.02   0.47   0.31  12.73   0.02   0.29   0.02   0.08   0.03    12.12   0.03     0.11   0.03     1.44   0.03     0.62   0.03    False True 
139   J021121.67+624707.5 131.92   1.32  15.57   0.57   0.52  13.93   0.03   0.35   0.05   0.25   0.05       ""     ""       ""     ""       ""     ""       ""     ""    True  True 
140   J021128.86+634604.0 131.64   2.26  13.93   0.48   0.42  12.54   0.02   0.22   0.03   0.15   0.03    11.98   0.02     0.11   0.03     1.46   0.03     0.56   0.03    False True 
141   J021159.14+615639.9 132.25   0.54  15.00   0.84   0.69  12.79   0.02   0.44   0.03   0.27   0.03    11.97   0.02     0.18   0.03     2.19   0.03     0.82   0.03    False True 
142   J021202.03+613230.4 132.38   0.16  15.41   0.83   0.59  13.27   0.02   0.39   0.03   0.36   0.03    12.07   0.02     0.32   0.03     2.50   0.03     1.20   0.03    False True 
143   J021210.42+623242.3 132.09   1.12  12.20   0.34   0.45  11.33   0.02   0.13   0.03   0.17   0.03    10.72   0.02     0.17   0.03     1.14   0.03     0.61   0.03    False True 
144   J021320.12+613003.1 132.54   0.17  12.89   0.67   0.57  11.26   0.02   0.28   0.02   0.23   0.02    10.45   0.02     0.23   0.03     1.77   0.03     0.82   0.03    False True 
145   J021325.98+622043.1 132.29   0.97  14.51   0.72   0.59  12.56   0.02   0.49   0.03   0.37   0.03       ""     ""       ""     ""       ""     ""       ""     ""    False True 
146   J021336.53+601829.1 132.94  -0.96  13.75   0.63   0.38  12.18   0.02   0.26   0.03   0.15   0.03    11.64   0.02     0.07   0.03     1.49   0.03     0.54   0.03    False True 
147   J021352.00+642520.3 131.68   2.96  15.03   0.47   0.39  13.96   0.03   0.20   0.05   0.19   0.05    13.24   0.03     0.11   0.04     1.32   0.03     0.72   0.04    False True 
148   J021532.96+623236.9 132.46   1.24  13.20   0.64   0.65  11.45   0.02   0.32   0.03   0.25   0.02    10.21   0.02     0.29   0.03     2.35   0.03     1.24   0.03    False True 
149   J021647.40+642812.9 131.97   3.11  14.59   0.52   0.46  13.28   0.02   0.20   0.04   0.23   0.04    12.72   0.02     0.18   0.04     1.35   0.03     0.57   0.03    False True 
150   J021744.41+644335.2 131.98   3.38  13.71   0.56   0.63  12.22   0.02   0.29   0.03   0.27   0.03    11.89   0.02     0.12   0.03     1.25   0.03     0.33   0.03    False True 
151   J021747.84+643419.9 132.04   3.24  14.66   0.57   0.62  13.14   0.03   0.28   0.04   0.27   0.03       ""     ""       ""     ""       ""     ""       ""     ""    False True 
152   J022009.76+643605.9 132.27   3.35  15.65   0.55   0.43  14.27   0.03   0.29   0.05   0.17   0.07       ""     ""       ""     ""       ""     ""       ""     ""    False True 
153   J022033.45+625717.4 132.86   1.81  15.71   0.71   0.85  13.90   0.02   0.40   0.03   0.45   0.04    12.55   0.03     0.38   0.03     2.44   0.03     1.35   0.03    True  True 
154   J022045.25+631642.8 132.78   2.13  15.02   0.52   0.49  13.85   0.03   0.22   0.05   0.22   0.05    13.19   0.03     0.14   0.04     1.32   0.03     0.67   0.04    False True 
155   J022053.65+642835.6 132.38   3.26  15.91   0.61   0.49  14.28   0.03   0.31   0.05   0.20   0.06    13.47   0.03     0.08   0.05     1.83   0.03     0.81   0.04    False True 
156   J022100.28+635435.2 132.59   2.73  13.09   0.40   0.39  12.11   0.02   0.13   0.04   0.13   0.04    11.66   0.03     0.11   0.04     1.03   0.03     0.45   0.03    False True 
157   J022107.83+625754.6 132.92   1.85  14.94   0.68   0.57  13.23   0.03   0.31   0.05   0.36   0.05    12.09   0.02     0.26   0.03     2.17   0.03     1.14   0.04    False True 
158   J022222.78+623841.9 133.17   1.59  15.17   0.58   0.43  13.54   0.02   0.33   0.04   0.20   0.04    12.81   0.03     0.13   0.04     1.77   0.03     0.72   0.03    False True 
159   J022227.73+623530.6 133.19   1.55  14.32   0.41   0.71  13.12   0.03   0.23   0.04   0.16   0.04    12.33   0.02     0.34   0.03     1.58   0.03     0.79   0.03    False True 
160   J022337.05+601602.8 134.13  -0.59  14.00   0.58   0.49  12.54   0.02   0.25   0.02   0.16   0.03    11.34   0.02     0.28   0.03     2.08   0.03     1.20   0.03    True  True 
161   J022343.45+603545.6 134.02  -0.27  12.94   0.66   0.44  11.24   0.03   0.26   0.05   0.19   0.05    10.63   0.03     0.11   0.04     1.65   0.03     0.62   0.04    False True 
162   J022420.68+624842.5 133.32   1.83  13.43   0.60   0.48  11.74   0.02   0.32   0.03   0.18   0.02    11.01   0.02     0.19   0.03     1.82   0.03     0.73   0.03    False True 
163   J022502.69+644947.6 132.68   3.74  13.26   0.53   0.44  11.80   0.02   0.26   0.03   0.19   0.03    11.14   0.02     0.12   0.03     1.59   0.03     0.66   0.03    False True 
164   J022636.00+601401.8 134.49  -0.49  14.50   0.96   0.99  12.13   0.02   0.56   0.02   0.49   0.02    10.47   0.02     0.42   0.03     3.07   0.03     1.66   0.03    True  True 
165   J022821.67+641216.0 133.24   3.29  15.84   0.61   0.49  14.16   0.02   0.22   0.04   0.27   0.05    13.43   0.03     0.12   0.05     1.79   0.04     0.72   0.04    False True 
166   J022823.86+631834.8 133.57   2.46  12.78   0.55   0.63  11.45   0.02   0.28   0.02   0.30   0.02    11.01   0.02     0.23   0.03     1.21   0.03     0.44   0.03    False True 
167   J022953.81+630742.2 133.79   2.35  14.25   0.67   0.50  12.85   0.02   0.22   0.03   0.15   0.03    11.15   0.02     0.25   0.03     2.43   0.03     1.70   0.03    True  True 
168   J023003.21+643829.4 133.25   3.76  15.31   0.56   0.53  13.84   0.02   0.17   0.04   0.24   0.05    13.28   0.03     0.10   0.04     1.47   0.03     0.56   0.03    False True 
169*  J023031.38+594127.1 135.14  -0.81  14.48   0.57   0.43  12.96   0.02   0.31   0.04   0.17   0.04    12.32   0.02     0.12   0.03     1.60   0.03     0.65   0.03    True  True 
170   J023035.11+610005.9 134.66   0.41  14.56   0.63   0.47  12.61   0.02   0.42   0.03   0.39   0.03    11.68   0.02     0.30   0.03     2.25   0.03     0.93   0.03    False True 
171   J023150.04+604952.4 134.86   0.31  13.85   0.41   0.35  12.75   0.02   0.19   0.03   0.12   0.03    12.28   0.03     0.10   0.04     1.15   0.03     0.47   0.03    False True 
172   J023202.89+641033.2 133.62   3.41  16.23   0.67   0.44  14.47   0.03   0.25   0.05   0.32   0.06    13.78   0.03     0.03   0.06     1.78   0.03     0.68   0.04    False True 
173   J023235.10+640522.7 133.71   3.35  13.53   0.76   0.76  11.62   0.02   0.33   0.02   0.27   0.02    10.94   0.02     0.31   0.03     1.82   0.03     0.69   0.03    False True 
174** J023404.70+605914.4 135.06   0.55  12.90   0.64   0.66  11.30   0.02   0.42   0.03   0.51   0.03     8.73   0.02     1.64   0.03     3.53   0.03     2.57   0.03    True  True 
175   J023411.97+595634.2 135.47  -0.40  13.13   0.59   0.56  11.65   0.02   0.28   0.03   0.23   0.03    11.27   0.02     0.05   0.03     1.27   0.03     0.38   0.03    False True 
176   J023431.08+601616.5 135.38  -0.08  13.58   1.13   0.82  10.77   0.02   0.55   0.03   0.48   0.04     9.34   0.02     0.39   0.03     3.12   0.03     1.43   0.03    True  True 
177   J023439.79+641813.4 133.83   3.64  17.02   0.77   0.49  15.11   0.04   0.28   0.09   0.26   0.11    14.39   0.04    -0.15   0.09     1.86   0.04     0.72   0.06    False True 
178   J023536.82+625251.7 134.49   2.37  16.68   0.59   0.46  14.96   0.06   0.31   0.11   0.23   0.13       ""     ""       ""     ""       ""     ""       ""     ""    False True 
179   J023629.19+634245.8 134.25   3.17  15.61   0.64   0.60  13.92   0.03   0.32   0.05   0.37   0.05    13.53   0.03     0.11   0.04     1.44   0.03     0.39   0.04    False True 
180   J023642.66+614714.8 135.03   1.41  15.38   0.54   0.41  13.95   0.05   0.33   0.07   0.14   0.06    13.31   0.07     0.18   0.10     1.53   0.07     0.64   0.09    True  True 
181   J023744.52+605352.8 135.50   0.65  16.79   0.76   0.52  14.76   0.04   0.27   0.07   0.31   0.09    14.06   0.03     0.20   0.06     1.97   0.04     0.70   0.05    True  False
182   J023753.78+620410.0 135.05   1.73  13.03   0.58   0.47  11.58   0.02   0.27   0.03   0.26   0.03    11.97   0.02    -0.02   0.03     0.49   0.03    -0.39   0.03    False True 
183   J023758.11+634635.6 134.38   3.30  13.30   0.36   0.36  12.34   0.02   0.18   0.03   0.07   0.03    11.89   0.02     0.06   0.03     1.05   0.03     0.45   0.03    False True 
184   J023809.91+620224.6 135.09   1.71  13.21   0.57   0.54  11.71   0.02   0.30   0.02   0.19   0.02    10.96   0.02     0.17   0.03     1.67   0.03     0.75   0.03    False True 
185   J023841.80+640826.3 134.30   3.66  14.05   0.64   0.44  12.38   0.02   0.30   0.03   0.17   0.03    11.63   0.02     0.16   0.03     1.79   0.03     0.75   0.03    False True 
186   J023948.17+604505.1 135.79   0.61  13.26   0.37   0.42  12.28   0.02   0.21   0.03   0.12   0.03    11.93   0.03     0.07   0.04     0.96   0.03     0.35   0.03    False True 
187   J024054.97+630009.8 134.99   2.72  15.69   0.54   0.49  14.36   0.03   0.29   0.05   0.21   0.07    13.73   0.03     0.15   0.05     1.41   0.04     0.63   0.04    True  True 
188   J024146.73+602532.2 136.14   0.42  14.05   0.63   0.71  12.31   0.02   0.30   0.03   0.25   0.03    11.53   0.02     0.29   0.03     1.89   0.03     0.78   0.03    True  True 
189   J024159.21+600106.0 136.34   0.06  14.55   0.65   0.58  12.80   0.02   0.29   0.02   0.21   0.03    12.07   0.02     0.17   0.03     1.83   0.03     0.73   0.03    True  True 
190   J024221.54+593716.4 136.54  -0.29  13.38   0.61   0.46  11.67   0.02   0.23   0.03   0.26   0.03    10.74   0.02     0.40   0.03     2.03   0.03     0.93   0.03    False True 
191   J024252.56+611953.9 135.89   1.30  15.74   0.64   0.73  13.95   0.03   0.36   0.05   0.37   0.05    12.84   0.03     0.33   0.04     2.27   0.03     1.12   0.04    True  True 
192   J024305.60+631614.7 135.10   3.07  14.55   0.55   0.61  13.27   0.02   0.27   0.03   0.31   0.04    12.24   0.02     0.27   0.03     1.77   0.03     1.03   0.03    False True 
193   J024317.68+603205.5 136.27   0.59  13.67   0.66   0.68  11.98   0.03   0.32   0.04   0.26   0.04    10.73   0.02     0.26   0.03     2.28   0.03     1.25   0.04    True  True 
194   J024332.05+632150.1 135.11   3.17  14.16   0.46   0.46  12.98   0.02   0.21   0.03   0.14   0.03    12.37   0.02     0.18   0.03     1.34   0.03     0.62   0.03    False True 
195   J024405.37+621448.7 135.64   2.19  15.22   0.49   0.48  13.80   0.02   0.49   0.03   0.49   0.04    12.10   0.02     0.56   0.03     2.63   0.03     1.69   0.03    True  True 
196   J024454.00+635608.0 135.01   3.76  15.75   0.58   0.51  14.25   0.02   0.23   0.05   0.22   0.06    13.56   0.03     0.20   0.04     1.61   0.03     0.69   0.04    False True 
197   J024504.86+612502.1 136.09   1.48  15.35   0.56   0.47  13.81   0.02   0.35   0.04   0.21   0.04    13.01   0.03     0.14   0.04     1.78   0.03     0.81   0.03    True  True 
198   J024506.09+611409.1 136.17   1.32  15.97   0.65   0.65  14.12   0.02   0.35   0.03   0.31   0.04    13.07   0.03     0.27   0.05     2.25   0.04     1.05   0.04    True  True 
199   J024509.54+612523.5 136.10   1.49  15.11   0.53   0.34  13.37   0.02   0.41   0.04   0.38   0.04       ""     ""       ""     ""       ""     ""       ""     ""    False True 
200   J024519.10+633755.1 135.18   3.50  14.04   0.55   0.62  12.74   0.02   0.30   0.03   0.26   0.03    11.84   0.02     0.26   0.03     1.66   0.03     0.90   0.03    False True 
201   J024521.28+625416.2 135.49   2.84  13.59   0.44   0.46  12.48   0.02   0.19   0.03   0.16   0.03    11.82   0.02     0.24   0.03     1.33   0.03     0.66   0.03    False True 
202   J024540.61+592151.2 137.03  -0.34  13.28   0.47   0.55  11.99   0.02   0.23   0.03   0.20   0.03    11.59   0.02     0.13   0.03     1.22   0.03     0.40   0.03    False True 
203   J024553.87+635414.7 135.12   3.77  14.21   0.68   0.53  12.48   0.02   0.34   0.03   0.30   0.03    11.30   0.03     0.29   0.03     2.23   0.03     1.18   0.03    False True 
204   J024618.12+613514.7 136.15   1.70  15.70   0.50   0.47  14.33   0.03   0.27   0.04   0.13   0.05    13.95   0.03     0.16   0.06     1.25   0.04     0.38   0.04    True  True 
205   J024735.56+615530.9 136.15   2.07  13.44   0.39   0.44  12.29   0.02   0.23   0.03   0.12   0.03    11.72   0.03     0.22   0.04     1.33   0.03     0.57   0.03    False True 
206   J024753.07+613405.8 136.33   1.76  14.37   0.68   0.74  12.61   0.02   0.40   0.03   0.27   0.03    11.38   0.02     0.39   0.03     2.31   0.03     1.24   0.03    False True 
207   J024758.73+630156.8 135.71   3.09  14.66   0.54   0.74  13.24   0.02   0.36   0.03   0.30   0.03    12.13   0.03     0.34   0.03     1.99   0.03     1.11   0.03    False True 
208   J024823.01+614728.1 136.29   1.99  12.91   0.38   0.48  11.72   0.02   0.23   0.03   0.13   0.03    11.10   0.02     0.16   0.03     1.43   0.03     0.63   0.03    False True 
209   J024823.69+614107.1 136.34   1.90  14.09   0.40   0.61  12.75   0.02   0.29   0.03   0.24   0.03    11.86   0.02     0.26   0.03     1.82   0.03     0.89   0.03    True  True 
210   J024838.04+630153.0 135.77   3.12  15.21   0.45   0.65  13.89   0.03   0.23   0.05   0.18   0.06    13.31   0.03     0.22   0.04     1.45   0.03     0.58   0.04    False True 
211   J024913.93+631042.4 135.77   3.28  13.16   0.39   0.54  12.04   0.03   0.25   0.05   0.27   0.05       ""     ""       ""     ""       ""     ""       ""     ""    False True 
212   J024928.47+595248.4 137.24   0.33  13.37   0.83   0.70  11.25   0.02   0.47   0.03   0.41   0.03     9.94   0.02     0.38   0.03     2.61   0.03     1.31   0.03    False True 
213   J024940.66+621424.8 136.23   2.46  13.24   0.33   0.45  12.36   0.02   0.13   0.04   0.12   0.04    11.85   0.02     0.15   0.03     1.05   0.03     0.51   0.03    False True 
214   J025016.65+624435.6 136.07   2.94  14.48   0.42   0.37  13.21   0.02   0.24   0.04   0.11   0.04    12.67   0.03     0.09   0.04     1.39   0.03     0.55   0.03    True  True 
215   J025059.12+615648.7 136.50   2.26  15.28   0.45   0.58  14.16   0.03   0.21   0.04   0.22   0.05    13.59   0.03     0.26   0.05     1.24   0.04     0.56   0.04    True  True 
216   J025102.21+615733.8 136.50   2.28  14.07   0.51   0.81  12.70   0.02   0.30   0.04   0.37   0.04    11.47   0.02     0.30   0.03     2.08   0.03     1.22   0.03    True  True 
217*  J025136.03+601557.5 137.31   0.79  15.71   0.44   0.45  14.16   0.03   0.50   0.05   0.37   0.05    12.12   0.03     0.48   0.03     3.15   0.03     2.04   0.04    False True 
218   J025200.23+621145.2 136.49   2.54  13.85   0.40   0.45  12.65   0.03   0.22   0.04   0.16   0.04    11.96   0.02     0.19   0.03     1.49   0.03     0.70   0.03    False True 
219*  J025204.14+583423.4 138.12  -0.70  12.96   0.35   0.46  11.84   0.02   0.17   0.03   0.17   0.03    11.48   0.02     0.17   0.03     1.13   0.03     0.35   0.03    False True 
220*  J025233.24+615902.2 136.64   2.38  14.82   0.43   0.36  13.60   0.03   0.14   0.05   0.22   0.06    13.05   0.03     0.09   0.04     1.33   0.03     0.55   0.04    True  True 
221   J025324.51+614622.9 136.83   2.24  15.46   0.59   0.58  13.79   0.03   0.29   0.05   0.42   0.06    13.31   0.03     0.12   0.04     1.56   0.03     0.48   0.04    False True 
222   J025448.83+605832.1 137.34   1.60  16.17   0.80   0.52  13.90   0.03   0.41   0.05   0.32   0.05    12.88   0.03     0.18   0.05     2.49   0.04     1.02   0.05    True  True 
223   J025502.38+605001.9 137.43   1.49  14.52   0.54   0.42  12.96   0.02   0.33   0.04   0.22   0.04       ""     ""       ""     ""       ""     ""       ""     ""    True  False
224   J025610.39+580629.6 138.81  -0.87  13.81   0.62   0.25  12.30   0.02   0.20   0.03   0.15   0.03    11.35   0.02     0.29   0.03     1.84   0.03     0.95   0.03    True  True 
225   J025631.47+593648.4 138.16   0.49  15.01   0.70   0.74  13.26   0.02   0.36   0.03   0.36   0.03    12.12   0.02     0.32   0.03     2.19   0.03     1.14   0.03    False True 
226   J025700.47+575742.8 138.98  -0.94  14.26   0.71   0.56  12.60   0.02   0.24   0.03   0.15   0.03    11.80   0.02     0.21   0.03     1.74   0.03     0.80   0.03    True  True 
227   J025704.89+584311.6 138.63  -0.27  16.25   0.81   0.51  14.13   0.02   0.43   0.03   0.21   0.04    13.26   0.03     0.17   0.04     2.19   0.03     0.87   0.04    True  True 
228   J025737.78+624703.4 136.80   3.36  14.77   0.51   0.39  13.53   0.02   0.23   0.04   0.15   0.05    12.92   0.03     0.18   0.04     1.34   0.03     0.61   0.03    False True 
229   J025904.88+621459.5 137.20   2.97  15.59   0.39   0.34  14.48   0.03   0.21   0.07   0.17   0.08    14.18   0.03    -0.19   0.08     1.02   0.04     0.30   0.05    False True 
230   J025935.04+603207.2 138.06   1.48  13.88   0.43   0.49  12.52   0.02   0.27   0.04   0.21   0.04    11.75   0.02     0.16   0.03     1.71   0.03     0.77   0.03    False True 
231   J025959.45+582929.5 139.07  -0.29  13.31   0.63   0.49  11.69   0.02   0.31   0.03   0.13   0.03    11.18   0.02     0.07   0.03     1.50   0.03     0.51   0.03    False True 
232   J030010.27+613223.2 137.65   2.40  13.73   0.54   0.42  12.49   0.02   0.11   0.04   0.34   0.04    11.91   0.02     0.23   0.03     1.28   0.03     0.58   0.03    False True 
233   J030056.68+615940.7 137.51   2.85  13.04   0.35   0.31  12.17   0.02   0.13   0.03   0.10   0.03    11.85   0.03    -0.05   0.04     0.84   0.03     0.33   0.03    False True 
234   J030120.82+602444.9 138.31   1.48  14.38   0.55   0.48  12.83   0.02   0.23   0.04   0.25   0.03    12.19   0.03     0.14   0.04     1.64   0.03     0.64   0.03    False True 
235   J030124.02+610221.3 138.02   2.03  14.85   0.69   0.64  13.02   0.02   0.32   0.04   0.35   0.04    11.92   0.02     0.28   0.03     2.24   0.03     1.10   0.03    False True 
236   J030133.63+593518.5 138.73   0.77  14.07   0.67   0.73  12.42   0.02   0.40   0.03   0.33   0.02    11.26   0.02     0.34   0.03     2.15   0.03     1.17   0.03    False True 
237   J030317.45+583402.0 139.42  -0.02  14.57   0.80   0.61  12.51   0.02   0.35   0.03   0.22   0.03    11.63   0.02     0.19   0.03     2.14   0.03     0.87   0.03    False True 
238   J030331.33+585234.6 139.29   0.27  14.64   0.77   0.51  12.60   0.03   0.37   0.05   0.16   0.04    11.79   0.03     0.11   0.04     2.09   0.04     0.81   0.04    False True 
239   J030332.31+623856.7 137.46   3.56  14.32   0.55   0.38  12.80   0.02   0.27   0.04   0.17   0.04    12.17   0.02     0.10   0.03     1.60   0.03     0.63   0.03    False True 
240   J030422.01+574820.4 139.91  -0.62  14.40   0.65   0.54  12.91   0.02   0.26   0.03   0.17   0.03    12.00   0.02     0.25   0.03     1.75   0.03     0.92   0.03    False True 
241   J030423.32+622900.9 137.63   3.47  13.70   0.60   0.59  12.10   0.02   0.31   0.03   0.22   0.03    11.38   0.02     0.22   0.03     1.72   0.03     0.71   0.03    False True 
242   J030451.26+594758.8 138.99   1.15  15.09   0.76   0.81  13.06   0.02   0.44   0.05   0.38   0.05    11.72   0.02     0.32   0.03     2.61   0.03     1.34   0.03    False True 
243   J030501.73+585146.8 139.47   0.35  13.46   0.81   0.59  11.00   0.01   0.35   0.03   0.32   0.03    10.75   0.02     0.04   0.03     1.89   0.03     0.24   0.03    False True 
244   J030539.90+610725.6 138.43   2.36  14.47   0.81   0.73  12.21   0.02   0.54   0.03   0.32   0.03    10.78   0.02     0.28   0.03     2.88   0.03     1.43   0.03    False True 
245   J030625.00+614359.0 138.20   2.93  15.87   0.71   0.58  13.90   0.03   0.40   0.04   0.24   0.05       ""     ""       ""     ""       ""     ""       ""     ""    False True 
246   J031141.73+614847.9 138.70   3.31  15.50   0.54   0.38  14.00   0.03   0.24   0.04   0.18   0.05    13.38   0.04     0.03   0.06     1.57   0.04     0.61   0.05    False True 
247   J031208.92+605534.5 139.21   2.58  15.11   0.78   0.67  12.90   0.02   0.45   0.03   0.41   0.03    11.58   0.02     0.33   0.03     2.76   0.03     1.33   0.03    True  True 
248   J031333.27+603307.1 139.55   2.35  15.74   0.89   0.59  13.69   0.03   0.44   0.05   0.36   0.05    12.34   0.02     0.27   0.03     2.51   0.03     1.35   0.04    False True 

